 bank 2          bank 3
--------        --------
                851.0875
                851.1375
851.1875
                851.3625
851.4125
                851.8875
851.9375
851.9875
852.1625
                852.4375
                852.6375
852.6875
                852.8625
852.9125
                853.3875
853.4375
                853.4875
                853.6125
                854.0875
854.1875
                854.2375
854.3625
866.2875
866.3125
866.3375
866.4375
866.6875
866.7125
866.7375
866.8875
867.2875
                867.5375
                867.5625
                867.6125
                867.6375
867.7625
867.7875
868.1750        868.1750   data
                868.4250   data
868.4750        868.4750   data
868.6750        868.6750   data
868.8750        868.8750   data
